ALL PUZZLES:


World's hardest(AI Escagot)
1 0 0 0 0 7 0 9 0
0 3 0 0 2 0 0 0 8
0 0 9 6 0 0 5 0 0
0 0 5 3 0 0 9 0 0
0 1 0 0 8 0 0 0 2
6 0 0 0 0 4 0 0 0
3 0 0 0 0 0 0 1 0
0 4 0 0 0 0 0 0 7
0 0 7 0 0 0 3 0 0

EASY 1
0 4 2 0 1 0 0 7 0
0 3 0 0 0 0 8 0 0
6 8 0 0 5 7 0 0 0
0 9 0 2 6 0 0 0 0
0 0 0 4 7 0 3 9 0
0 0 1 0 0 3 0 0 8
0 0 4 0 0 0 0 0 0
8 2 5 0 3 0 0 0 0
0 0 3 7 0 6 0 0 0

EASY 2
6 0 0 0 0 0 0 0 0
0 0 0 0 0 0 0 0 2
0 0 0 0 1 0 4 0 0
1 0 0 0 0 0 3 7 0
7 0 0 5 0 0 0 0 8
0 0 2 9 3 0 1 0 4
0 9 0 6 7 0 0 0 0
8 2 0 0 0 0 5 0 0
0 6 0 0 0 2 9 3 0

EASY 3
0 2 0 0 0 0 0 5 0
0 0 8 1 3 0 0 0 0
9 0 7 5 0 0 0 8 1
0 0 3 0 6 1 0 9 0
0 4 0 0 0 9 6 7 0
0 0 0 0 0 0 0 2 0
0 0 0 0 0 5 0 0 2
0 1 0 6 2 0 0 0 0
0 3 0 8 0 0 0 0 0

EASY 4
1 3 0 2 0 0 7 4 0
0 2 5 0 1 0 0 0 0
4 8 0 0 6 0 0 5 0
0 0 0 7 8 0 2 1 0
5 0 0 0 9 0 3 7 0
9 0 0 0 3 0 0 0 5
0 4 0 0 0 6 8 9 0
0 5 3 0 0 1 4 0 0
6 0 0 0 0 0 0 0 0

EASY 5
1 0 0 0 0 0 2 7 6
0 0 9 1 4 0 0 0 0 
0 2 0 0 0 6 0 9 1
0 8 0 0 0 9 6 1 0
7 3 0 0 8 4 0 0 0
0 0 2 0 0 5 0 8 0
5 0 6 0 0 3 0 0 0
0 0 7 0 0 0 0 5 0
3 4 0 5 9 0 0 0 0

EASY 6
4 0 6 0 0 0 2 0 9
5 7 0 2 0 6 0 0 0
0 0 1 0 0 5 0 0 8
6 0 3 4 8 1 7 0 0
7 0 0 5 0 0 3 0 0
0 0 5 0 0 0 0 0 0
0 8 9 0 0 0 4 3 0
0 6 0 0 0 0 0 0 1
3 0 4 0 0 0 0 6 7

MEDIUM 1
0 4 2 0 0 0 0 0 5
0 0 7 0 8 0 9 0 0
0 0 0 0 0 0 0 0 0
0 0 0 0 2 0 7 5 0
3 0 0 0 0 0 0 0 1
0 2 9 4 0 0 0 3 0
9 0 0 5 7 0 0 1 0
0 0 0 0 0 2 0 0 9
0 0 0 9 0 0 5 0 8

MEDIUM 2
0 4 1 0 0 0 3 0 0
3 0 0 4 0 0 6 0 0
0 0 7 0 0 5 0 0 0
0 0 0 0 0 7 0 0 9
9 0 0 0 3 0 1 6 0
0 0 0 0 5 0 4 0 0
0 0 0 1 2 0 0 0 0
0 6 0 0 0 0 0 2 0
0 7 0 0 0 0 0 0 5

MEDIUM 3
0 7 0 3 0 0 0 9 2
0 0 1 0 0 0 0 0 0
2 0 9 0 5 0 0 7 0
0 0 0 0 0 4 1 0 8
0 0 0 9 0 6 0 0 0
5 1 2 0 0 0 0 0 0
0 5 0 6 0 0 8 0 0
0 0 0 0 0 0 0 0 7
6 0 0 0 0 0 3 0 0

MEDIUM 4
8 9 2 0 0 3 0 1 4
0 0 0 0 0 0 0 0 0
0 0 0 0 6 8 0 7 0
4 5 0 0 8 0 0 0 1
0 0 8 0 0 0 2 0 0
1 0 3 7 0 0 5 0 0
0 7 1 0 0 6 0 5 0
5 0 9 2 0 0 0 8 0
6 0 0 0 0 7 0 0 9

MEDIUM 5
9 1 6 2 4 0 0 0 0
2 3 0 0 0 0 0 0 0
0 0 0 1 0 8 0 0 2
5 2 1 0 0 0 0 0 7
0 8 9 0 0 0 5 1 0
7 6 0 0 9 0 0 0 3
0 0 0 0 8 0 7 2 1
0 9 0 0 0 4 6 0 5
0 7 3 0 0 5 0 0 0

MEDIUM 6
7 3 0 2 9 4 0 6 0
0 0 1 0 0 6 0 0 0 
4 5 0 0 8 0 0 0 0 
0 0 0 3 0 0 0 8 6
2 8 3 0 0 7 4 0 0
0 6 0 0 0 0 0 1 0 
0 7 0 0 2 5 0 0 0 
8 0 0 0 7 0 0 0 0 
0 0 5 4 0 0 7 9 0

HARD 1
0 0 0 0 0 0 2 0 1
0 0 0 6 4 0 0 0 0
1 0 0 0 3 0 0 5 7
6 0 0 4 1 9 0 0 8
0 0 0 0 0 3 0 0 0
0 5 0 0 2 0 7 0 0
0 4 0 1 0 0 0 0 0
9 0 0 0 0 8 0 0 0
0 0 0 0 0 0 0 0 3

HARD 2
0 3 0 2 0 9 5 0 0
0 9 0 0 0 0 7 0 0
0 0 0 0 3 0 0 0 0
0 0 9 3 0 2 4 0 0
0 0 8 4 0 0 6 0 0
7 0 0 0 0 0 0 9 0
0 1 0 0 0 0 0 0 0
0 0 4 5 0 0 0 0 2
0 0 0 6 8 0 0 0 7

HARD 3
0 0 0 0 5 0 0 0 8
0 8 0 1 0 0 7 0 9
0 0 7 0 0 0 1 0 2
0 0 0 0 0 0 0 8 0
8 5 0 0 0 0 0 0 0
0 0 0 0 1 3 0 0 0
0 0 6 0 4 0 0 3 0
0 9 0 0 6 0 0 0 0
0 1 2 0 0 0 0 0 7

HARD 4
4 3 8 7 6 0 1 0 2
2 0 0 0 9 0 5 3 0
0 0 0 0 0 2 6 0 8
0 0 4 0 2 3 0 5 0
3 0 0 0 0 0 8 0 0 
6 0 0 0 0 0 0 0 0 
0 0 5 0 1 0 3 0 9
0 1 0 0 0 0 0 8 0
9 0 0 6 0 0 0 7 0

HARD 5
1 0 8 3 6 9 0 7 5
0 7 0 0 1 0 0 0 0
3 0 0 0 0 0 0 0 0 
0 0 7 0 0 2 1 0 9
0 0 0 0 0 0 0 5 0
0 0 0 9 0 1 0 4 0
9 8 0 5 2 0 4 0 0
5 2 0 6 0 4 0 0 3
0 0 0 0 0 8 0 0 0

HARD 6
1 3 0 2 7 0 0 0 6
0 6 0 0 0 3 0 2 0
8 0 9 0 6 0 0 5 0
4 0 7 9 0 0 2 0 0
0 0 0 0 1 0 0 0 0 
0 0 0 7 5 0 8 1 0 
9 0 8 5 0 0 7 0 0 
0 0 0 0 0 7 0 9 0
0 0 1 0 0 0 0 0 0