Input:
World's hardest(AI Escagot)

1 0 0 0 0 7 0 9 0
0 3 0 0 2 0 0 0 8
0 0 9 6 0 0 5 0 0
0 0 5 3 0 0 9 0 0
0 1 0 0 8 0 0 0 2
6 0 0 0 0 4 0 0 0
3 0 0 0 0 0 0 1 0
0 4 0 0 0 0 0 0 7
0 0 7 0 0 0 3 0 0

Output
1 6 2 | 8 5 7 | 4 9 3 
5 3 4 | 1 2 9 | 6 7 8 
7 8 9 | 6 4 3 | 5 2 1 
---------------------
4 7 5 | 3 1 2 | 9 8 6 
9 1 3 | 5 8 6 | 7 4 2 
6 2 8 | 7 9 4 | 1 3 5 
---------------------
3 5 6 | 4 7 8 | 2 1 9 
2 4 1 | 9 3 5 | 8 6 7 
8 9 7 | 2 6 1 | 3 5 4 

Method :  Brute Force (Exhaustive Search)

time  0  =  0.15367799999999998
time  1  =  0.15249600000000002
time  2  =  0.154532
time  3  =  0.15593800000000002
time  4  =  0.15237199999999995
Mean of  5  runs =  0.15380319999999997
Standard deviation of  5  runs =  8.861300800000182e-06

Method :  Constraint Optimisation (Backtracking)

time  0  =  1.1998099999999998
time  1  =  1.1765760000000003
time  2  =  1.168612
time  3  =  1.1961639999999996
time  4  =  1.1768669999999997
Mean of  5  runs =  1.1836057999999998
Standard deviation of  5  runs =  0.0007399280367999842

Input:
EASY 1
0 4 2 0 1 0 0 7 0
0 3 0 0 0 0 8 0 0
6 8 0 0 5 7 0 0 0
0 9 0 2 6 0 0 0 0
0 0 0 4 7 0 3 9 0
0 0 1 0 0 3 0 0 8
0 0 4 0 0 0 0 0 0
8 2 5 0 3 0 0 0 0
0 0 3 7 0 6 0 0 0

Output
5 4 2 | 8 1 9 | 6 7 3 
1 3 7 | 6 4 2 | 8 5 9 
6 8 9 | 3 5 7 | 1 2 4 
---------------------
3 9 8 | 2 6 1 | 5 4 7 
2 5 6 | 4 7 8 | 3 9 1 
4 7 1 | 5 9 3 | 2 6 8 
---------------------
7 6 4 | 1 8 5 | 9 3 2 
8 2 5 | 9 3 4 | 7 1 6 
9 1 3 | 7 2 6 | 4 8 5 

Method :  Brute Force (Exhaustive Search)

time  0  =  0.007467000000000001
time  1  =  0.0070149999999999935
time  2  =  0.0069099999999999995
time  3  =  0.006926000000000002
time  4  =  0.006953000000000001
Mean of  5  runs =  0.007054199999999999
Standard deviation of  5  runs =  2.1941080000000124e-07

Method :  Constraint Optimisation (Backtracking)

time  0  =  0.013539999999999996
time  1  =  0.012801000000000007
time  2  =  0.012766
time  3  =  0.012803999999999996
time  4  =  0.012885999999999995
Mean of  5  runs =  0.0129594
Standard deviation of  5  runs =  4.29127199999996e-07


Input:
EASY 2
6 0 0 0 0 0 0 0 0
0 0 0 0 0 0 0 0 2
0 0 0 0 1 0 4 0 0
1 0 0 0 0 0 3 7 0
7 0 0 5 0 0 0 0 8
0 0 2 9 3 0 1 0 4
0 9 0 6 7 0 0 0 0
8 2 0 0 0 0 5 0 0
0 6 0 0 0 2 9 3 0

Output
6 1 8 | 4 2 9 | 7 5 3 
9 7 4 | 3 8 5 | 6 1 2 
2 5 3 | 7 1 6 | 4 8 9 
---------------------
1 4 9 | 2 6 8 | 3 7 5 
7 3 6 | 5 4 1 | 2 9 8 
5 8 2 | 9 3 7 | 1 6 4 
---------------------
3 9 5 | 6 7 4 | 8 2 1 
8 2 7 | 1 9 3 | 5 4 6 
4 6 1 | 8 5 2 | 9 3 7 

Method :  Brute Force (Exhaustive Search)

time  0  =  2.101652
time  1  =  2.1136779999999993
time  2  =  2.1228099999999994
time  3  =  2.104863999999999
time  4  =  2.1123189999999994
Mean of  5  runs =  2.1110645999999997
Standard deviation of  5  runs =  0.0002734022791999898

Method :  Constraint Optimisation (Backtracking)

time  0  =  0.0031960000000000044
time  1  =  0.003036999999999998
time  2  =  0.002794999999999992
time  3  =  0.0027490000000000014
time  4  =  0.002709000000000003
Mean of  5  runs =  0.0028972
Standard deviation of  5  runs =  1.7665280000000215e-07



Input:
EASY 3
0 2 0 0 0 0 0 5 0
0 0 8 1 3 0 0 0 0
9 0 7 5 0 0 0 8 1
0 0 3 0 6 1 0 9 0
0 4 0 0 0 9 6 7 0
0 0 0 0 0 0 0 2 0
0 0 0 0 0 5 0 0 2
0 1 0 6 2 0 0 0 0
0 3 0 8 0 0 0 0 0

Output
3 2 1 | 9 8 6 | 4 5 7 
4 5 8 | 1 3 7 | 2 6 9 
9 6 7 | 5 4 2 | 3 8 1 
---------------------
8 7 3 | 2 6 1 | 5 9 4 
1 4 2 | 3 5 9 | 6 7 8 
5 9 6 | 4 7 8 | 1 2 3 
---------------------
6 8 4 | 7 1 5 | 9 3 2 
7 1 9 | 6 2 3 | 8 4 5 
2 3 5 | 8 9 4 | 7 1 6 

Method :  Brute Force (Exhaustive Search)

time  0  =  0.005653999999999999
time  1  =  0.005576999999999999
time  2  =  0.005622000000000002
time  3  =  0.005506000000000004
time  4  =  0.0060009999999999925
Mean of  5  runs =  0.005671999999999999
Standard deviation of  5  runs =  1.476459999999938e-07

Method :  Constraint Optimisation (Backtracking)

time  0  =  0.014337000000000003
time  1  =  0.011393
time  2  =  0.007752999999999996
time  3  =  0.0076959999999999945
time  4  =  0.007723000000000008
Mean of  5  runs =  0.0097804
Standard deviation of  5  runs =  3.6051051200000034e-05

Input:
EASY 4
1 3 0 2 0 0 7 4 0
0 2 5 0 1 0 0 0 0
4 8 0 0 6 0 0 5 0
0 0 0 7 8 0 2 1 0
5 0 0 0 9 0 3 7 0
9 0 0 0 3 0 0 0 5
0 4 0 0 0 6 8 9 0
0 5 3 0 0 1 4 0 0
6 0 0 0 0 0 0 0 0

Output
1 3 6 | 2 5 9 | 7 4 8 
7 2 5 | 4 1 8 | 9 3 6 
4 8 9 | 3 6 7 | 1 5 2 
---------------------
3 6 4 | 7 8 5 | 2 1 9 
5 1 8 | 6 9 2 | 3 7 4 
9 7 2 | 1 3 4 | 6 8 5 
---------------------
2 4 1 | 5 7 6 | 8 9 3 
8 5 3 | 9 2 1 | 4 6 7 
6 9 7 | 8 4 3 | 5 2 1 

Method :  Brute Force (Exhaustive Search)

time  0  =  0.0020610000000000003
time  1  =  0.002005
time  2  =  0.002017999999999999
time  3  =  0.002014999999999996
time  4  =  0.002369999999999997
Mean of  5  runs =  0.0020937999999999985
Standard deviation of  5  runs =  9.72027999999992e-08

Method :  Constraint Optimisation (Backtracking)

time  0  =  0.0019039999999999994
time  1  =  0.0018880000000000008
time  2  =  0.0018579999999999985
time  3  =  0.0018420000000000034
time  4  =  0.0018489999999999965
Mean of  5  runs =  0.0018681999999999998
Standard deviation of  5  runs =  2.8327999999999805e-09

Input:
EASY 5
1 0 0 0 0 0 2 7 6
0 0 9 1 4 0 0 0 0 
0 2 0 0 0 6 0 9 1
0 8 0 0 0 9 6 1 0
7 3 0 0 8 4 0 0 0
0 0 2 0 0 5 0 8 0
5 0 6 0 0 3 0 0 0
0 0 7 0 0 0 0 5 0
3 4 0 5 9 0 0 0 0

Output
1 5 4 | 9 3 8 | 2 7 6 
6 7 9 | 1 4 2 | 8 3 5 
8 2 3 | 7 5 6 | 4 9 1 
---------------------
4 8 5 | 2 7 9 | 6 1 3 
7 3 1 | 6 8 4 | 5 2 9 
9 6 2 | 3 1 5 | 7 8 4 
---------------------
5 1 6 | 8 2 3 | 9 4 7 
2 9 7 | 4 6 1 | 3 5 8 
3 4 8 | 5 9 7 | 1 6 2 

Method :  Brute Force (Exhaustive Search)

time  0  =  0.0007670000000000003
time  1  =  0.0007439999999999981
time  2  =  0.0007400000000000011
time  3  =  0.0007799999999999994
time  4  =  0.0007429999999999971
Mean of  5  runs =  0.0007547999999999993
Standard deviation of  5  runs =  1.2588000000000559e-09

Method :  Constraint Optimisation (Backtracking)

time  0  =  0.0031219999999999998
time  1  =  0.0031180000000000027
time  2  =  0.003172000000000001
time  3  =  0.003497
time  4  =  0.003133999999999998
Mean of  5  runs =  0.0032086000000000003
Standard deviation of  5  runs =  1.0578719999999983e-07

Input:
EASY 6
4 0 6 0 0 0 2 0 9
5 7 0 2 0 6 0 0 0
0 0 1 0 0 5 0 0 8
6 0 3 4 8 1 7 0 0
7 0 0 5 0 0 3 0 0
0 0 5 0 0 0 0 0 0
0 8 9 0 0 0 4 3 0
0 6 0 0 0 0 0 0 1
3 0 4 0 0 0 0 6 7

Output
4 3 6 | 1 7 8 | 2 5 9 
5 7 8 | 2 9 6 | 1 4 3 
9 2 1 | 3 4 5 | 6 7 8 
---------------------
6 9 3 | 4 8 1 | 7 2 5 
7 1 2 | 5 6 9 | 3 8 4 
8 4 5 | 7 2 3 | 9 1 6 
---------------------
1 8 9 | 6 5 7 | 4 3 2 
2 6 7 | 8 3 4 | 5 9 1 
3 5 4 | 9 1 2 | 8 6 7 

Method :  Brute Force (Exhaustive Search)

time  0  =  0.0012930000000000025
time  1  =  0.0012759999999999994
time  2  =  0.0012810000000000044
time  3  =  0.0012649999999999884
time  4  =  0.0012780000000000014
Mean of  5  runs =  0.001278599999999999
Standard deviation of  5  runs =  4.052000000004108e-10

Method :  Constraint Optimisation (Backtracking)

time  0  =  0.0022819999999999993
time  1  =  0.002240999999999993
time  2  =  0.0022110000000000046
time  3  =  0.002238000000000004
time  4  =  0.0022029999999999966
Mean of  5  runs =  0.0022349999999999996
Standard deviation of  5  runs =  3.853999999999868e-09

Input:
MEDIUM 1
0 4 2 0 0 0 0 0 5
0 0 7 0 8 0 9 0 0
0 0 0 0 0 0 0 0 0
0 0 0 0 2 0 7 5 0
3 0 0 0 0 0 0 0 1
0 2 9 4 0 0 0 3 0
9 0 0 5 7 0 0 1 0
0 0 0 0 0 2 0 0 9
0 0 0 9 0 0 5 0 8

Output
6 4 2 | 7 9 3 | 1 8 5 
5 1 7 | 2 8 6 | 9 4 3 
8 9 3 | 1 4 5 | 6 2 7 
---------------------
1 6 8 | 3 2 9 | 7 5 4 
3 5 4 | 8 6 7 | 2 9 1 
7 2 9 | 4 5 1 | 8 3 6 
---------------------
9 3 6 | 5 7 8 | 4 1 2 
4 8 5 | 6 1 2 | 3 7 9 
2 7 1 | 9 3 4 | 5 6 8 

Method :  Brute Force (Exhaustive Search)

time  0  =  1.291049
time  1  =  1.2918469999999997
time  2  =  1.3045269999999998
time  3  =  1.2869609999999998
time  4  =  1.2870689999999998
Mean of  5  runs =  1.2922905999999998
Standard deviation of  5  runs =  0.00020713757919999914

Method :  Constraint Optimisation (Backtracking)

time  0  =  0.36848699999999995
time  1  =  0.36877899999999997
time  2  =  0.366978
time  3  =  0.36964600000000014
time  4  =  0.3698659999999998
Mean of  5  runs =  0.3687512
Standard deviation of  5  runs =  5.25825879999975e-06


Input:
MEDIUM 2
0 4 1 0 0 0 3 0 0
3 0 0 4 0 0 6 0 0
0 0 7 0 0 5 0 0 0
0 0 0 0 0 7 0 0 9
9 0 0 0 3 0 1 6 0
0 0 0 0 5 0 4 0 0
0 0 0 1 2 0 0 0 0
0 6 0 0 0 0 0 2 0
0 7 0 0 0 0 0 0 5

Output
2 4 1 | 7 9 6 | 3 5 8 
3 5 9 | 4 8 2 | 6 7 1 
6 8 7 | 3 1 5 | 2 9 4 
---------------------
4 1 8 | 2 6 7 | 5 3 9 
9 2 5 | 8 3 4 | 1 6 7 
7 3 6 | 9 5 1 | 4 8 2 
---------------------
5 9 3 | 1 2 8 | 7 4 6 
1 6 4 | 5 7 9 | 8 2 3 
8 7 2 | 6 4 3 | 9 1 5 

Method :  Brute Force (Exhaustive Search)

time  0  =  0.8717490000000001
time  1  =  0.878571
time  2  =  0.876477
time  3  =  0.8716860000000004
time  4  =  0.8758100000000004
Mean of  5  runs =  0.8748586000000002
Standard deviation of  5  runs =  3.704129719999734e-05

Method :  Constraint Optimisation (Backtracking)

time  0  =  2.02796
time  1  =  2.035036
time  2  =  2.0189629999999994
time  3  =  2.019267000000001
time  4  =  2.0252760000000016
Mean of  5  runs =  2.0253004000000003
Standard deviation of  5  runs =  0.0001784205291999932


Input:
MEDIUM 3
0 7 0 3 0 0 0 9 2
0 0 1 0 0 0 0 0 0
2 0 9 0 5 0 0 7 0
0 0 0 0 0 4 1 0 8
0 0 0 9 0 6 0 0 0
5 1 2 0 0 0 0 0 0
0 5 0 6 0 0 8 0 0
0 0 0 0 0 0 0 0 7
6 0 0 0 0 0 3 0 0

Output
8 7 5 | 3 6 1 | 4 9 2 
4 6 1 | 2 7 9 | 5 8 3 
2 3 9 | 4 5 8 | 6 7 1 
---------------------
7 9 6 | 5 2 4 | 1 3 8 
3 8 4 | 9 1 6 | 7 2 5 
5 1 2 | 7 8 3 | 9 4 6 
---------------------
9 5 7 | 6 3 2 | 8 1 4 
1 4 3 | 8 9 5 | 2 6 7 
6 2 8 | 1 4 7 | 3 5 9 

Method :  Brute Force (Exhaustive Search)

time  0  =  0.014298999999999992
time  1  =  0.014215000000000005
time  2  =  0.014317999999999997
time  3  =  0.014328999999999995
time  4  =  0.014272999999999994
Mean of  5  runs =  0.014286799999999997
Standard deviation of  5  runs =  8.248799999998575e-09

Method :  Constraint Optimisation (Backtracking)

time  0  =  0.049872
time  1  =  0.04939399999999999
time  2  =  0.049652
time  3  =  0.04962799999999995
time  4  =  0.049962000000000006
Mean of  5  runs =  0.04970159999999999
Standard deviation of  5  runs =  1.9933920000001442e-07

Input:
MEDIUM 4

8 9 2 0 0 3 0 1 4
0 0 0 0 0 0 0 0 0
0 0 0 0 6 8 0 7 0
4 5 0 0 8 0 0 0 1
0 0 8 0 0 0 2 0 0
1 0 3 7 0 0 5 0 0
0 7 1 0 0 6 0 5 0
5 0 9 2 0 0 0 8 0
6 0 0 0 0 7 0 0 9

Output
8 9 2 | 5 7 3 | 6 1 4 
7 4 6 | 9 2 1 | 8 3 5 
3 1 5 | 4 6 8 | 9 7 2 
---------------------
4 5 7 | 6 8 2 | 3 9 1 
9 6 8 | 1 3 5 | 2 4 7 
1 2 3 | 7 4 9 | 5 6 8 
---------------------
2 7 1 | 8 9 6 | 4 5 3 
5 3 9 | 2 1 4 | 7 8 6 
6 8 4 | 3 5 7 | 1 2 9 

Method :  Brute Force (Exhaustive Search)

time  0  =  0.007869000000000001
time  1  =  0.007395000000000006
time  2  =  0.0073710000000000025
time  3  =  0.007636000000000004
time  4  =  0.008189000000000002
Mean of  5  runs =  0.007692000000000003
Standard deviation of  5  runs =  4.727239999999967e-07

Method :  Constraint Optimisation (Backtracking)

time  0  =  0.004026999999999996
time  1  =  0.003964000000000002
time  2  =  0.004311999999999996
time  3  =  0.003950000000000002
time  4  =  0.0039029999999999967
Mean of  5  runs =  0.004031199999999999
Standard deviation of  5  runs =  1.064107999999982e-07

Input:
MEDIUM 5

9 1 6 2 4 0 0 0 0
2 3 0 0 0 0 0 0 0
0 0 0 1 0 8 0 0 2
5 2 1 0 0 0 0 0 7
0 8 9 0 0 0 5 1 0
7 6 0 0 9 0 0 0 3
0 0 0 0 8 0 7 2 1
0 9 0 0 0 4 6 0 5
0 7 3 0 0 5 0 0 0

Output
9 1 6 | 2 4 7 | 3 5 8 
2 3 8 | 9 5 6 | 1 7 4 
4 5 7 | 1 3 8 | 9 6 2 
---------------------
5 2 1 | 8 6 3 | 4 9 7 
3 8 9 | 4 7 2 | 5 1 6 
7 6 4 | 5 9 1 | 2 8 3 
---------------------
6 4 5 | 3 8 9 | 7 2 1 
8 9 2 | 7 1 4 | 6 3 5 
1 7 3 | 6 2 5 | 8 4 9 

Method :  Brute Force (Exhaustive Search)

time  0  =  0.000678999999999999
time  1  =  0.0006680000000000019
time  2  =  0.0006680000000000019
time  3  =  0.000673999999999994
time  4  =  0.0006630000000000039
Mean of  5  runs =  0.0006704000000000001
Standard deviation of  5  runs =  1.5319999999986512e-10

Method :  Constraint Optimisation (Backtracking)

time  0  =  0.007176000000000002
time  1  =  0.0071370000000000045
time  2  =  0.006894000000000011
time  3  =  0.006378999999999996
time  4  =  0.006389999999999993
Mean of  5  runs =  0.006795200000000001
Standard deviation of  5  runs =  6.090068000000159e-07

Input:
MEDIUM 6
7 3 0 2 9 4 0 6 0
0 0 1 0 0 6 0 0 0 
4 5 0 0 8 0 0 0 0 
0 0 0 3 0 0 0 8 6
2 8 3 0 0 7 4 0 0
0 6 0 0 0 0 0 1 0 
0 7 0 0 2 5 0 0 0 
8 0 0 0 7 0 0 0 0 
0 0 5 4 0 0 7 9 0

Output
7 3 8 | 2 9 4 | 5 6 1 
9 2 1 | 5 3 6 | 8 7 4 
4 5 6 | 7 8 1 | 9 2 3 
---------------------
1 4 7 | 3 5 9 | 2 8 6 
2 8 3 | 6 1 7 | 4 5 9 
5 6 9 | 8 4 2 | 3 1 7 
---------------------
6 7 4 | 9 2 5 | 1 3 8 
8 9 2 | 1 7 3 | 6 4 5 
3 1 5 | 4 6 8 | 7 9 2 

Method :  Brute Force (Exhaustive Search)

time  0  =  0.017176999999999998
time  1  =  0.017130999999999993
time  2  =  0.017193000000000014
time  3  =  0.017162999999999984
time  4  =  0.017206
Mean of  5  runs =  0.017174
Standard deviation of  5  runs =  3.364000000001372e-09

Method :  Constraint Optimisation (Backtracking)

time  0  =  0.0032070000000000015
time  1  =  0.003261999999999994
time  2  =  0.0032060000000000005
time  3  =  0.0031880000000000033
time  4  =  0.0031980000000000064
Mean of  5  runs =  0.003212200000000001
Standard deviation of  5  runs =  3.3327999999990445e-09

Input:
HARD 1
0 0 0 0 0 0 2 0 1
0 0 0 6 4 0 0 0 0
1 0 0 0 3 0 0 5 7
6 0 0 4 1 9 0 0 8
0 0 0 0 0 3 0 0 0
0 5 0 0 2 0 7 0 0
0 4 0 1 0 0 0 0 0
9 0 0 0 0 8 0 0 0
0 0 0 0 0 0 0 0 3

Output
4 3 9 | 5 8 7 | 2 6 1 
2 7 5 | 6 4 1 | 3 8 9 
1 8 6 | 9 3 2 | 4 5 7 
---------------------
6 2 7 | 4 1 9 | 5 3 8 
8 9 4 | 7 5 3 | 6 1 2 
3 5 1 | 8 2 6 | 7 9 4 
---------------------
7 4 3 | 1 9 5 | 8 2 6 
9 6 2 | 3 7 8 | 1 4 5 
5 1 8 | 2 6 4 | 9 7 3 

Method :  Brute Force (Exhaustive Search)

time  0  =  1.001939
time  1  =  0.9873000000000003
time  2  =  0.9819679999999997
time  3  =  0.9813729999999996
time  4  =  0.9794489999999998
Mean of  5  runs =  0.9864057999999998
Standard deviation of  5  runs =  0.00033550010680000707

Method :  Constraint Optimisation (Backtracking)

time  0  =  0.05845900000000001
time  1  =  0.058473
time  2  =  0.05878899999999998
time  3  =  0.058369000000000004
time  4  =  0.05811700000000003
Mean of  5  runs =  0.0584414
Standard deviation of  5  runs =  2.3261119999996652e-07


Input:
HARD 2
0 3 0 2 0 9 5 0 0
0 9 0 0 0 0 7 0 0
0 0 0 0 3 0 0 0 0
0 0 9 3 0 2 4 0 0
0 0 8 4 0 0 6 0 0
7 0 0 0 0 0 0 9 0
0 1 0 0 0 0 0 0 0
0 0 4 5 0 0 0 0 2
0 0 0 6 8 0 0 0 7

Output
1 3 7 | 2 6 9 | 5 4 8 
2 9 5 | 1 4 8 | 7 3 6 
4 8 6 | 7 3 5 | 1 2 9 
---------------------
5 6 9 | 3 7 2 | 4 8 1 
3 2 8 | 4 9 1 | 6 7 5 
7 4 1 | 8 5 6 | 2 9 3 
---------------------
6 1 3 | 9 2 7 | 8 5 4 
8 7 4 | 5 1 3 | 9 6 2 
9 5 2 | 6 8 4 | 3 1 7 

Method :  Brute Force (Exhaustive Search)

time  0  =  2.3156499999999998
time  1  =  2.3153129999999997
time  2  =  2.328906999999999
time  3  =  2.324828
time  4  =  2.3075100000000006
Mean of  5  runs =  2.3184416
Standard deviation of  5  runs =  0.00028739174919997367

Method :  Constraint Optimisation (Backtracking)

time  0  =  0.564558
time  1  =  0.573259
time  2  =  0.5706230000000001
time  3  =  0.574084
time  4  =  0.5644220000000004
Mean of  5  runs =  0.5693892000000002
Standard deviation of  5  runs =  8.655233079999609e-05


Input:
HARD 3
0 0 0 0 5 0 0 0 8
0 8 0 1 0 0 7 0 9
0 0 7 0 0 0 1 0 2
0 0 0 0 0 0 0 8 0
8 5 0 0 0 0 0 0 0
0 0 0 0 1 3 0 0 0
0 0 6 0 4 0 0 3 0
0 9 0 0 6 0 0 0 0
0 1 2 0 0 0 0 0 7

Output
1 4 9 | 2 5 7 | 3 6 8 
2 8 5 | 1 3 6 | 7 4 9 
6 3 7 | 4 9 8 | 1 5 2 
---------------------
7 6 1 | 5 2 4 | 9 8 3 
8 5 3 | 6 7 9 | 2 1 4 
9 2 4 | 8 1 3 | 5 7 6 
---------------------
5 7 6 | 9 4 2 | 8 3 1 
3 9 8 | 7 6 1 | 4 2 5 
4 1 2 | 3 8 5 | 6 9 7 

Method :  Brute Force (Exhaustive Search)

time  0  =  1.899199
time  1  =  1.9231039999999995
time  2  =  1.8983299999999996
time  3  =  1.9085520000000002
time  4  =  1.8931249999999995
Mean of  5  runs =  1.9044619999999999
Standard deviation of  5  runs =  0.0005580804259999976

Method :  Constraint Optimisation (Backtracking)

time  0  =  0.058756
time  1  =  0.05704699999999999
time  2  =  0.057407000000000014
time  3  =  0.057201999999999975
time  4  =  0.05898800000000004
Mean of  5  runs =  0.05788
Standard deviation of  5  runs =  3.3723420000001374e-06

Input:
HARD 4
4 3 8 7 6 0 1 0 2
2 0 0 0 9 0 5 3 0
0 0 0 0 0 2 6 0 8
0 0 4 0 2 3 0 5 0
3 0 0 0 0 0 8 0 0 
6 0 0 0 0 0 0 0 0 
0 0 5 0 1 0 3 0 9
0 1 0 0 0 0 0 8 0
9 0 0 6 0 0 0 7 0

Output
4 3 8 | 7 6 5 | 1 9 2 
2 6 1 | 8 9 4 | 5 3 7 
5 7 9 | 1 3 2 | 6 4 8 
---------------------
1 8 4 | 9 2 3 | 7 5 6 
3 9 2 | 5 7 6 | 8 1 4 
6 5 7 | 4 8 1 | 9 2 3 
---------------------
8 4 5 | 2 1 7 | 3 6 9 
7 1 6 | 3 4 9 | 2 8 5 
9 2 3 | 6 5 8 | 4 7 1 

Method :  Brute Force (Exhaustive Search)

time  0  =  0.0016320000000000015
time  1  =  0.0016169999999999934
time  2  =  0.0016420000000000046
time  3  =  0.0016179999999999944
time  4  =  0.0016359999999999986
Mean of  5  runs =  0.0016289999999999985
Standard deviation of  5  runs =  4.920000000003873e-10

Method :  Constraint Optimisation (Backtracking)

time  0  =  0.009106000000000003
time  1  =  0.006135999999999989
time  2  =  0.0061430000000000096
time  3  =  0.006142999999999996
time  4  =  0.006109000000000003
Mean of  5  runs =  0.0067274
Standard deviation of  5  runs =  7.0729572000000166e-06

Input:
HARD 5
1 0 8 3 6 9 0 7 5
0 7 0 0 1 0 0 0 0
3 0 0 0 0 0 0 0 0 
0 0 7 0 0 2 1 0 9
0 0 0 0 0 0 0 5 0
0 0 0 9 0 1 0 4 0
9 8 0 5 2 0 4 0 0
5 2 0 6 0 4 0 0 3
0 0 0 0 0 8 0 0 0

Output
1 4 8 | 3 6 9 | 2 7 5 
6 7 2 | 8 1 5 | 9 3 4 
3 9 5 | 2 4 7 | 6 8 1 
---------------------
8 5 7 | 4 3 2 | 1 6 9 
4 1 9 | 7 8 6 | 3 5 2 
2 6 3 | 9 5 1 | 7 4 8 
---------------------
9 8 6 | 5 2 3 | 4 1 7 
5 2 1 | 6 7 4 | 8 9 3 
7 3 4 | 1 9 8 | 5 2 6 

Method :  Brute Force (Exhaustive Search)

time  0  =  0.07506499999999999
time  1  =  0.07704600000000003
time  2  =  0.07505899999999999
time  3  =  0.075071
time  4  =  0.07562299999999994
Mean of  5  runs =  0.07557279999999998
Standard deviation of  5  runs =  2.9464928000001074e-06

Method :  Constraint Optimisation (Backtracking)

time  0  =  0.118947
time  1  =  0.11849500000000002
time  2  =  0.11887199999999992
time  3  =  0.12113700000000005
time  4  =  0.12007800000000002
Mean of  5  runs =  0.1195058
Standard deviation of  5  runs =  4.723902800000252e-06

Input:
HARD 6
1 3 0 2 7 0 0 0 6
0 6 0 0 0 3 0 2 0
8 0 9 0 6 0 0 5 0
4 0 7 9 0 0 2 0 0
0 0 0 0 1 0 0 0 0 
0 0 0 7 5 0 8 1 0 
9 0 8 5 0 0 7 0 0 
0 0 0 0 0 7 0 9 0
0 0 1 0 0 0 0 0 0

Output
1 3 4 | 2 7 5 | 9 8 6 
7 6 5 | 8 9 3 | 1 2 4 
8 2 9 | 4 6 1 | 3 5 7 
---------------------
4 1 7 | 9 3 8 | 2 6 5 
5 8 3 | 6 1 2 | 4 7 9 
2 9 6 | 7 5 4 | 8 1 3 
---------------------
9 4 8 | 5 2 6 | 7 3 1 
3 5 2 | 1 4 7 | 6 9 8 
6 7 1 | 3 8 9 | 5 4 2 

Method :  Brute Force (Exhaustive Search)

time  0  =  0.0076020000000000115
time  1  =  0.007413000000000003
time  2  =  0.007001000000000007
time  3  =  0.006804999999999992
time  4  =  0.006605
Mean of  5  runs =  0.007085200000000002
Standard deviation of  5  runs =  6.907288000000176e-07

Method :  Constraint Optimisation (Backtracking)

time  0  =  0.026694999999999997
time  1  =  0.02447500000000001
time  2  =  0.024035999999999988
time  3  =  0.023967000000000016
time  4  =  0.024146
Mean of  5  runs =  0.024663800000000003
Standard deviation of  5  runs =  5.309198799999974e-06