
sample input 1. -- source (http://www.puzzles.ca/sudoku_puzzles/sudoku_easy_327.html)
	
	0 0 1 0 0 0 8 0 4
	0 9 7 2 6 0 0 3 0
	0 5 0 0 0 1 0 0 7
	7 0 0 0 0 0 9 0 1
	0 0 0 0 0 5 2 0 0
	2 0 5 0 3 0 0 6 0
	0 0 0 4 0 8 0 7 0
	0 0 9 0 0 0 3 0 0
	0 0 8 0 0 6 0 0 0

sample output 1.-- source(http://www.puzzles.ca/sudoku_puzzles/sudoku_easy_327_solution.html)

	INPUT PUZZLE

	0 0 1 | 0 0 0 | 8 0 4 
	0 9 7 | 2 6 0 | 0 3 0 
	0 5 0 | 0 0 1 | 0 0 7 
	----------------------
	7 0 0 | 0 0 0 | 9 0 1 
	0 0 0 | 0 0 5 | 2 0 0 
	2 0 5 | 0 3 0 | 0 6 0 
	----------------------
	0 0 0 | 4 0 8 | 0 7 0 
	0 0 9 | 0 0 0 | 3 0 0 
	0 0 8 | 0 0 6 | 0 0 0 

	OUTPUT PUZZLE

	6 2 1 | 7 5 3 | 8 9 4 
	8 9 7 | 2 6 4 | 1 3 5 
	3 5 4 | 9 8 1 | 6 2 7 
	----------------------
	7 8 3 | 6 4 2 | 9 5 1 
	9 1 6 | 8 7 5 | 2 4 3 
	2 4 5 | 1 3 9 | 7 6 8 
	----------------------
	1 3 2 | 4 9 8 | 5 7 6 
	4 6 9 | 5 1 7 | 3 8 2 
	5 7 8 | 3 2 6 | 4 1 9 

sample input 2. -- source (http://www.puzzles.ca/sudoku_puzzles/sudoku_hard_261.html)

	8 0 0 0 6 0 3 9 7
	9 1 0 2 0 0 0 0 0
	0 0 0 4 0 0 0 0 0
	0 0 7 9 0 0 0 0 0
	0 0 4 0 0 0 0 2 5
	2 0 0 6 7 0 0 0 0
	0 0 0 0 9 1 0 0 0
	4 0 0 0 0 0 0 3 0
	0 0 0 0 0 0 6 1 0

sample output 2. -- source(http://www.puzzles.ca/sudoku_puzzles/sudoku_hard_261_solution.html)

Input puzzle

8 0 0 | 0 6 0 | 3 9 7 
9 1 0 | 2 0 0 | 0 0 0 
0 0 0 | 4 0 0 | 0 0 0 
---------------------
0 0 7 | 9 0 0 | 0 0 0 
0 0 4 | 0 0 0 | 0 2 5 
2 0 0 | 6 7 0 | 0 0 0 
---------------------
0 0 0 | 0 9 1 | 0 0 0 
4 0 0 | 0 0 0 | 0 3 0 
0 0 0 | 0 0 0 | 6 1 0 

output puzzle

8 4 2 | 1 6 5 | 3 9 7 
9 1 5 | 2 3 7 | 8 4 6 
7 3 6 | 4 8 9 | 1 5 2 
---------------------
1 8 7 | 9 5 2 | 4 6 3 
6 9 4 | 3 1 8 | 7 2 5 
2 5 3 | 6 7 4 | 9 8 1 
---------------------
3 6 8 | 5 9 1 | 2 7 4 
4 7 1 | 8 2 6 | 5 3 9 
5 2 9 | 7 4 3 | 6 1 8 
